[-0.4358974358974359, 0.07692307692307693, 0.0, 4.710654062562221, 13.653928835384592]
[-0.41025641025641024, 0.07692307692307693, 0.0, 3.1607469867166786, 13.644078084463333]
[-0.3846153846153846, 0.07692307692307693, 0.0, 1.6106743053454524, 13.634427501677772]
[-0.35897435897435903, 0.07692307692307693, 0.0, 0.060436566201224846, 13.624977067050247]
[-0.33333333333333337, 0.07692307692307693, 0.0, 1.489965685273334, 13.615726761796152]
[-0.3076923076923077, 0.07692307692307693, 0.0, 3.0405319059252944, 13.606676568323378]
[-0.28205128205128205, 0.07692307692307693, 0.0, 4.591261554889317, 13.597826470232537]
[-0.1282051282051282, 0.07692307692307693, -0.02564102564102566, 4.101589948220617, 13.710257493456503]
[-0.10256410256410264, 0.07692307692307693, -0.02564102564102566, 2.5509822746873305, 13.705178929586554]
[-0.07692307692307698, 0.07692307692307693, -0.02564102564102566, 1.0002147442664753, 13.70030070641354]
[-0.05128205128205132, 0.07692307692307693, -0.02564102564102566, 0.5507121192769231, 13.695622834306654]
[-0.02564102564102566, 0.07692307692307693, -0.02564102564102566, 2.101797794353062, 13.691145324835903]
[0.0, 0.07692307692307693, -0.02564102564102566, 3.6530417615347215, 13.686868190774009]

[-0.8571428571428572, 0.14285714285714285, -0.6326530612244898, 597.1678702564917, 0.001442134060659695]